javascript 0.734793187348 0.616326530612 0.670366259711


java 0.844660194175 0.587837837838 0.693227091633


php 0.85472972973 0.710674157303 0.776073619632


android 0.95652173913 0.771929824561 0.854368932039


python 0.878326996198 0.704268292683 0.781725888325


c# 0.769696969697 0.456834532374 0.573363431151


jquery 0.772222222222 0.637614678899 0.698492462312


html 0.679487179487 0.4 0.503562945368


ios 0.738461538462 0.588957055215 0.655290102389


c++ 0.880733944954 0.545454545455 0.673684210526


css 0.777777777778 0.512195121951 0.617647058824


mysql 0.811111111111 0.470967741935 0.595918367347


angularjs 0.952380952381 0.78125 0.858369098712


swift 0.882978723404 0.597122302158 0.712446351931


sql 0.692307692308 0.341772151899 0.457627118644


arrays 0.74 0.308333333333 0.435294117647


node.js 0.818181818182 0.5 0.620689655172


r 0.904761904762 0.506666666667 0.649572649573


json 0.854166666667 0.482352941176 0.616541353383


ruby-on-rails 0.918032786885 0.589473684211 0.717948717949


c 0.975609756098 0.526315789474 0.683760683761


asp.net 0.8125 0.40625 0.541666666667


ruby 0.666666666667 0.237288135593 0.35


sql-server 0.8 0.32 0.457142857143


regex 0.903225806452 0.518518518519 0.658823529412


ajax 0.928571428571 0.541666666667 0.684210526316


excel 0.785714285714 0.478260869565 0.594594594595


objective-c 0.888888888889 0.444444444444 0.592592592593


wordpress 0.958333333333 0.522727272727 0.676470588235


linux 0.727272727273 0.216216216216 0.333333333333


xml 0.846153846154 0.297297297297 0.44


django 1.0 0.833333333333 0.909090909091


twitter-bootstrap 0.823529411765 0.311111111111 0.451612903226


spring 0.695652173913 0.4 0.507936507937


.net 0.666666666667 0.0606060606061 0.111111111111


mongodb 0.928571428571 0.604651162791 0.732394366197


python-2.7 0.0 0.0 0


database 0.5 0.025641025641 0.0487804878049


asp.net-mvc 0.9 0.219512195122 0.352941176471


windows 0.5 0.0740740740741 0.129032258065


string 0.5 0.025641025641 0.0487804878049


python-3.x 0 0.0 0


laravel 0.789473684211 0.441176470588 0.566037735849


xcode 0.888888888889 0.275862068966 0.421052631579


multithreading 0.65 0.433333333333 0.52


vba 0.722222222222 0.541666666667 0.619047619048


html5 0.5 0.0689655172414 0.121212121212


android-studio 0.6 0.28125 0.382978723404


bash 0.923076923077 0.5 0.648648648649


postgresql 0.857142857143 0.222222222222 0.352941176471


wpf 0.916666666667 0.392857142857 0.55


git 1.0 0.9 0.947368421053


reactjs 0.863636363636 0.703703703704 0.775510204082


api 0.666666666667 0.0869565217391 0.153846153846


vb.net 0.875 0.411764705882 0.56


matlab 1.0 0.48275862069 0.651162790698


oracle 0.727272727273 0.533333333333 0.615384615385


excel-vba 0.642857142857 0.375 0.473684210526


eclipse 1.0 0.526315789474 0.689655172414


osx 1.0 0.030303030303 0.0588235294118


angular2 0.944444444444 0.566666666667 0.708333333333


scala 0.909090909091 0.666666666667 0.769230769231


amazon-web-services 0.545454545455 0.333333333333 0.413793103448


visual-studio 0.8 0.148148148148 0.25


forms 1.0 0.0434782608696 0.0833333333333


apache 0.875 0.291666666667 0.4375


list 0.5 0.0344827586207 0.0645161290323


pandas 0.8 0.444444444444 0.571428571429


image 0.0 0.0 0


symfony2 0.8125 0.541666666667 0.65


algorithm 0.5 0.03125 0.0588235294118


meteor 1.0 0.470588235294 0.64


css3 1.0 0.0526315789474 0.1


rest 1.0 0.0588235294118 0.111111111111


entity-framework 1.0 0.227272727273 0.37037037037


function 0 0.0 0


codeigniter 0.923076923077 0.666666666667 0.774193548387


loops 0 0.0 0


performance 0 0.0 0


azure 0.8 0.571428571429 0.666666666667


apache-spark 0.833333333333 0.357142857143 0.5


ruby-on-rails-4 0.0 0.0 0


cordova 1.0 0.55 0.709677419355


c++11 0.5 0.0769230769231 0.133333333333


winforms 1.0 0.235294117647 0.380952380952


spring-mvc 0.571428571429 0.222222222222 0.32


selenium 0.888888888889 0.4 0.551724137931


qt 0.916666666667 0.578947368421 0.709677419355


opencv 0.923076923077 0.545454545455 0.685714285714


xaml 0.6 0.461538461538 0.521739130435


numpy 0.7 0.291666666667 0.411764705882


google-chrome 0.666666666667 0.5 0.571428571429


.htaccess 1.0 0.6 0.75


swing 0.75 0.333333333333 0.461538461538


maven 1.0 0.466666666667 0.636363636364


csv 0.916666666667 0.578947368421 0.709677419355


android-fragments 0.75 0.375 0.5


sqlite 1.0 0.35 0.518518518519


express 0.727272727273 0.421052631579 0.533333333333


typescript 0.75 0.3 0.428571428571


0.757951609637
0.381744599612
0.482771534135
